        weight_2023    pitax_2023 total_income_2023     weight_2024    pitax_2024 total_income_2024 weight_ref_2024 pitax_ref_2024 total_income_ref_2024 weight_ref_2025 pitax_ref_2025 total_income_ref_2025 weight_ref_2026 pitax_ref_2026 total_income_ref_2026 weight_ref_2027 pitax_ref_2027 total_income_ref_2027 weight_ref_2028 pitax_ref_2028 total_income_ref_2028 weight_ref_2029  pitax_ref_2029 total_income_ref_2029 weight_ref_2030  pitax_ref_2030 total_income_ref_2030 weight_ref_2031  pitax_ref_2031 total_income_ref_2031 weight_ref_2032  pitax_ref_2032 total_income_ref_2032     ETR ETR_ref
0       23,631.1138        0.0000          199.0000     21,051.5741        0.0000          199.0000     21,051.5741         0.0000              199.0000     21,051.5741         0.0000              220.0000     21,051.5741         0.0000              245.0000     21,051.5741         0.0000              272.0000     21,051.5741         0.0000              302.0000     21,051.5741          0.0000              335.0000     21,051.5741          0.0000              372.0000     21,051.5741          0.0000              412.0000     21,051.5741          0.0000              458.0000  0.0000  0.0000
1       23,681.8244        0.0000          519.0000     21,096.7491        0.0000          518.0000     21,096.7491         0.0000              518.0000     21,096.7491         0.0000              575.0000     21,096.7491         0.0000              638.0000     21,096.7491         0.0000              708.0000     21,096.7491         0.0000              786.0000     21,096.7491          0.0000              873.0000     21,096.7491          0.0000              968.0000     21,096.7491          0.0000            1,075.0000     21,096.7491          0.0000            1,193.0000  0.0000  0.0000
2       23,681.8244        0.0000          783.0000     21,096.7491        0.0000          781.0000     21,096.7491         0.0000              781.0000     21,096.7491         0.0000              867.0000     21,096.7491         0.0000              963.0000     21,096.7491         0.0000            1,068.0000     21,096.7491         0.0000            1,186.0000     21,096.7491          0.0000            1,316.0000     21,096.7491          0.0000            1,461.0000     21,096.7491          0.0000            1,622.0000     21,096.7491          0.0000            1,800.0000  0.0000  0.0000
3       23,681.8244        0.0000        1,164.0000     21,096.7491        0.0000        1,162.0000     21,096.7491         0.0000            1,162.0000     21,096.7491         0.0000            1,290.0000     21,096.7491         0.0000            1,431.0000     21,096.7491         0.0000            1,589.0000     21,096.7491         0.0000            1,764.0000     21,096.7491          0.0000            1,958.0000     21,096.7491          0.0000            2,173.0000     21,096.7491          0.0000            2,412.0000     21,096.7491          0.0000            2,677.0000  0.0000  0.0000
4       23,681.8244        0.0000        1,530.0000     21,096.7491        0.0000        1,527.0000     21,096.7491         0.0000            1,527.0000     21,096.7491         0.0000            1,695.0000     21,096.7491         0.0000            1,881.0000     21,096.7491         0.0000            2,088.0000     21,096.7491         0.0000            2,318.0000     21,096.7491          0.0000            2,573.0000     21,096.7491          0.0000            2,856.0000     21,096.7491          0.0000            3,170.0000     21,096.7491          0.0000            3,519.0000  0.0000  0.0000
5       23,681.8244        0.0000        1,858.0000     21,096.7491        0.0000        1,853.0000     21,096.7491         0.0000            1,853.0000     21,096.7491         0.0000            2,057.0000     21,096.7491         0.0000            2,284.0000     21,096.7491         0.0000            2,535.0000     21,096.7491         0.0000            2,814.0000     21,096.7491          0.0000            3,123.0000     21,096.7491          0.0000            3,467.0000     21,096.7491          0.0000            3,848.0000     21,096.7491          2.0000            4,271.0000  0.0000  0.0000
6       23,681.8244        0.0000        2,135.0000     21,096.7491        0.0000        2,131.0000     21,096.7491         0.0000            2,131.0000     21,096.7491         0.0000            2,365.0000     21,096.7491         0.0000            2,625.0000     21,096.7491         0.0000            2,914.0000     21,096.7491         0.0000            3,234.0000     21,096.7491          0.0000            3,590.0000     21,096.7491          0.0000            3,985.0000     21,096.7491          4.0000            4,423.0000     21,096.7491          9.0000            4,910.0000  0.0000  0.0000
7       23,681.8244        0.0000        2,504.0000     21,096.7491        0.0000        2,499.0000     21,096.7491         0.0000            2,499.0000     21,096.7491         0.0000            2,773.0000     21,096.7491         0.0000            3,079.0000     21,096.7491         0.0000            3,417.0000     21,096.7491         1.0000            3,793.0000     21,096.7491          3.0000            4,210.0000     21,096.7491         10.0000            4,674.0000     21,096.7491         18.0000            5,188.0000     21,096.7491         28.0000            5,758.0000  0.0000  0.0000
8       23,681.8244        0.0000        2,885.0000     21,096.7491        0.0000        2,879.0000     21,096.7491         0.0000            2,879.0000     21,096.7491         0.0000            3,195.0000     21,096.7491         0.0000            3,547.0000     21,096.7491         0.0000            3,937.0000     21,096.7491         2.0000            4,370.0000     21,096.7491          6.0000            4,851.0000     21,096.7491         10.0000            5,384.0000     21,096.7491         21.0000            5,977.0000     21,096.7491        115.0000            6,634.0000  0.0000  0.0000
9       23,681.8244        0.0000        3,265.0000     21,096.7491        0.0000        3,257.0000     21,096.7491         0.0000            3,257.0000     21,096.7491         0.0000            3,616.0000     21,096.7491         0.0000            4,013.0000     21,096.7491         4.0000            4,455.0000     21,096.7491        10.0000            4,945.0000     21,096.7491         16.0000            5,489.0000     21,096.7491         34.0000            6,092.0000     21,096.7491        143.0000            6,763.0000     21,096.7491        312.0000            7,507.0000  0.0000  0.0000
10      23,681.8244        0.0000        3,613.0000     21,096.7491        0.0000        3,605.0000     21,096.7491         0.0000            3,605.0000     21,096.7491         0.0000            4,001.0000     21,096.7491         3.0000            4,441.0000     21,096.7491         6.0000            4,930.0000     21,096.7491        10.0000            5,472.0000     21,096.7491         22.0000            6,074.0000     21,096.7491        121.0000            6,742.0000     21,096.7491        285.0000            7,484.0000     21,096.7491        477.0000            8,307.0000  0.0000  0.0000
11      23,631.1138        0.0000        3,889.0000     21,051.5741        0.0000        3,881.0000     21,051.5741         0.0000            3,881.0000     21,051.5741         2.0000            4,307.0000     21,051.5741         4.0000            4,781.0000     21,051.5741         7.0000            5,307.0000     21,051.5741        10.0000            5,891.0000     21,051.5741         82.0000            6,539.0000     21,051.5741        245.0000            7,258.0000     21,051.5741        434.0000            8,057.0000     21,051.5741        667.0000            8,943.0000  0.0000  0.0000
12      23,681.8244        0.0000        4,195.0000     21,096.7491        0.0000        4,186.0000     21,096.7491         0.0000            4,186.0000     21,096.7491         2.0000            4,646.0000     21,096.7491         3.0000            5,157.0000     21,096.7491         5.0000            5,724.0000     21,096.7491        37.0000            6,354.0000     21,096.7491        183.0000            7,053.0000     21,096.7491        364.0000            7,829.0000     21,096.7491        578.0000            8,690.0000     21,096.7491        844.0000            9,646.0000  0.0000  0.0000
13      23,681.8244        0.0000        4,430.0000     21,096.7491        1.0000        4,420.0000     21,096.7491         1.0000            4,420.0000     21,096.7491         3.0000            4,906.0000     21,096.7491         5.0000            5,446.0000     21,096.7491        11.0000            6,045.0000     21,096.7491       109.0000            6,709.0000     21,096.7491        278.0000            7,447.0000     21,096.7491        473.0000            8,267.0000     21,096.7491        718.0000            9,176.0000     21,096.7491      1,002.0000           10,185.0000  0.0002  0.0002
14      23,681.8244        0.0000        4,692.0000     21,096.7491        2.0000        4,681.0000     21,096.7491         2.0000            4,681.0000     21,096.7491         4.0000            5,196.0000     21,096.7491         5.0000            5,768.0000     21,096.7491        47.0000            6,402.0000     21,096.7491       198.0000            7,106.0000     21,096.7491        382.0000            7,888.0000     21,096.7491        601.0000            8,756.0000     21,096.7491        871.0000            9,719.0000     21,096.7491      1,173.0000           10,788.0000  0.0004  0.0004
15      23,681.8244        0.0000        4,934.0000     21,096.7491        1.0000        4,923.0000     21,096.7491         1.0000            4,923.0000     21,096.7491         2.0000            5,464.0000     21,096.7491         5.0000            6,065.0000     21,096.7491       102.0000            6,732.0000     21,096.7491       269.0000            7,473.0000     21,096.7491        460.0000            8,295.0000     21,096.7491        703.0000            9,207.0000     21,096.7491        985.0000           10,220.0000     21,096.7491      1,300.0000           11,344.0000  0.0002  0.0002
16      23,681.8244        1.0000        5,144.0000     21,096.7491        2.0000        5,132.0000     21,096.7491         2.0000            5,132.0000     21,096.7491         3.0000            5,697.0000     21,096.7491        29.0000            6,324.0000     21,096.7491       171.0000            7,019.0000     21,096.7491       351.0000            7,791.0000     21,096.7491        564.0000            8,648.0000     21,096.7491        828.0000            9,600.0000     21,096.7491      1,126.0000           10,656.0000     21,096.7491      1,460.0000           11,828.0000  0.0004  0.0004
17      23,681.8244        1.0000        5,326.0000     21,096.7491        2.0000        5,314.0000     21,096.7491         2.0000            5,314.0000     21,096.7491         4.0000            5,899.0000     21,096.7491        65.0000            6,548.0000     21,096.7491       228.0000            7,268.0000     21,096.7491       414.0000            8,067.0000     21,096.7491        645.0000            8,955.0000     21,096.7491        921.0000            9,940.0000     21,096.7491      1,230.0000           11,033.0000     21,096.7491      1,576.0000           12,247.0000  0.0004  0.0004
18      23,681.8244        3.0000        5,562.0000     21,096.7491        5.0000        5,549.0000     21,096.7491         5.0000            5,549.0000     21,096.7491        14.0000            6,160.0000     21,096.7491       129.0000            6,837.0000     21,096.7491       303.0000            7,590.0000     21,096.7491       502.0000            8,424.0000     21,096.7491        754.0000            9,351.0000     21,096.7491      1,043.0000           10,380.0000     21,096.7491      1,365.0000           11,521.0000     21,096.7491      1,726.0000           12,789.0000  0.0009  0.0009
19      23,681.8244        2.0000        5,741.0000     21,096.7491        2.0000        5,728.0000     21,096.7491         2.0000            5,728.0000     21,096.7491        34.0000            6,358.0000     21,096.7491       181.0000            7,058.0000     21,096.7491       362.0000            7,834.0000     21,096.7491       577.0000            8,696.0000     21,096.7491        845.0000            9,653.0000     21,096.7491      1,145.0000           10,714.0000     21,096.7491      1,481.0000           11,893.0000     21,096.7491      1,856.0000           13,201.0000  0.0003  0.0003
20      23,681.8244        2.0000        5,969.0000     21,096.7491        2.0000        5,955.0000     21,096.7491         2.0000            5,955.0000     21,096.7491        81.0000            6,610.0000     21,096.7491       244.0000            7,337.0000     21,096.7491       430.0000            8,145.0000     21,096.7491       666.0000            9,040.0000     21,096.7491        945.0000           10,035.0000     21,096.7491      1,255.0000           11,139.0000     21,096.7491      1,605.0000           12,364.0000     21,096.7491      1,994.0000           13,724.0000  0.0003  0.0003
21      23,681.8244        5.0000        6,222.0000     21,096.7491       17.0000        6,208.0000     21,096.7491        17.0000            6,208.0000     21,096.7491       141.0000            6,891.0000     21,096.7491       314.0000            7,649.0000     21,096.7491       513.0000            8,490.0000     21,096.7491       766.0000            9,424.0000     21,096.7491      1,053.0000           10,460.0000     21,096.7491      1,375.0000           11,611.0000     21,096.7491      1,738.0000           12,888.0000     21,096.7491      2,143.0000           14,306.0000  0.0027  0.0027
22      23,631.1138        4.0000        6,461.0000     21,051.5741       51.0000        6,446.0000     21,051.5741        51.0000            6,446.0000     21,051.5741       208.0000            7,156.0000     21,051.5741       390.0000            7,943.0000     21,051.5741       612.0000            8,816.0000     21,051.5741       884.0000            9,786.0000     21,051.5741      1,186.0000           10,863.0000     21,051.5741      1,527.0000           12,058.0000     21,051.5741      1,906.0000           13,384.0000     21,051.5741      2,329.0000           14,856.0000  0.0079  0.0079
23      23,681.8244        3.0000        6,709.0000     21,096.7491       87.0000        6,694.0000     21,096.7491        87.0000            6,694.0000     21,096.7491       249.0000            7,430.0000     21,096.7491       437.0000            8,247.0000     21,096.7491       674.0000            9,154.0000     21,096.7491       953.0000           10,161.0000     21,096.7491      1,265.0000           11,279.0000     21,096.7491      1,616.0000           12,520.0000     21,096.7491      2,007.0000           13,897.0000     21,096.7491      2,443.0000           15,426.0000  0.0130  0.0130
24      23,681.8244       15.0000        6,957.0000     21,096.7491      143.0000        6,941.0000     21,096.7491       143.0000            6,941.0000     21,096.7491       316.0000            7,704.0000     21,096.7491       517.0000            8,552.0000     21,096.7491       772.0000            9,492.0000     21,096.7491     1,061.0000           10,537.0000     21,096.7491      1,386.0000           11,696.0000     21,096.7491      1,750.0000           12,982.0000     21,096.7491      2,156.0000           14,410.0000     21,096.7491      2,607.0000           15,995.0000  0.0206  0.0206
25      23,681.8244       31.0000        7,153.0000     21,096.7491      180.0000        7,137.0000     21,096.7491       180.0000            7,137.0000     21,096.7491       358.0000            7,922.0000     21,096.7491       570.0000            8,793.0000     21,096.7491       834.0000            9,761.0000     21,096.7491     1,130.0000           10,834.0000     21,096.7491      1,464.0000           12,026.0000     21,096.7491      1,838.0000           13,349.0000     21,096.7491      2,255.0000           14,817.0000     21,096.7491      2,719.0000           16,447.0000  0.0252  0.0252
26      23,681.8244       73.0000        7,394.0000     21,096.7491      238.0000        7,377.0000     21,096.7491       238.0000            7,377.0000     21,096.7491       425.0000            8,188.0000     21,096.7491       659.0000            9,089.0000     21,096.7491       936.0000           10,089.0000     21,096.7491     1,245.0000           11,199.0000     21,096.7491      1,592.0000           12,431.0000     21,096.7491      1,979.0000           13,798.0000     21,096.7491      2,409.0000           15,316.0000     21,096.7491      2,888.0000           17,000.0000  0.0323  0.0323
27      23,681.8244      116.0000        7,638.0000     21,096.7491      287.0000        7,620.0000     21,096.7491       287.0000            7,620.0000     21,096.7491       481.0000            8,459.0000     21,096.7491       735.0000            9,389.0000     21,096.7491     1,025.0000           10,422.0000     21,096.7491     1,348.0000           11,568.0000     21,096.7491      1,708.0000           12,841.0000     21,096.7491      2,109.0000           14,253.0000     21,096.7491      2,554.0000           15,821.0000     21,096.7491      3,050.0000           17,561.0000  0.0377  0.0377
28      23,681.8244      171.0000        7,889.0000     21,096.7491      345.0000        7,872.0000     21,096.7491       345.0000            7,872.0000     21,096.7491       556.0000            8,737.0000     21,096.7491       821.0000            9,699.0000     21,096.7491     1,120.0000           10,765.0000     21,096.7491     1,453.0000           11,950.0000     21,096.7491      1,826.0000           13,264.0000     21,096.7491      2,240.0000           14,723.0000     21,096.7491      2,700.0000           16,343.0000     21,096.7491      3,213.0000           18,140.0000  0.0438  0.0438
29      23,681.8244      239.0000        8,148.0000     21,096.7491      412.0000        8,129.0000     21,096.7491       412.0000            8,129.0000     21,096.7491       642.0000            9,023.0000     21,096.7491       918.0000           10,016.0000     21,096.7491     1,225.0000           11,118.0000     21,096.7491     1,571.0000           12,341.0000     21,096.7491      1,955.0000           13,698.0000     21,096.7491      2,384.0000           15,205.0000     21,096.7491      2,861.0000           16,878.0000     21,096.7491      3,391.0000           18,734.0000  0.0507  0.0507
30      23,681.8244      312.0000        8,437.0000     21,096.7491      492.0000        8,418.0000     21,096.7491       492.0000            8,418.0000     21,096.7491       747.0000            9,344.0000     21,096.7491     1,037.0000           10,372.0000     21,096.7491     1,361.0000           11,513.0000     21,096.7491     1,723.0000           12,779.0000     21,096.7491      2,125.0000           14,185.0000     21,096.7491      2,573.0000           15,745.0000     21,096.7491      3,071.0000           17,477.0000     21,096.7491      3,625.0000           19,399.0000  0.0584  0.0584
31      23,681.8244      342.0000        8,630.0000     21,096.7491      524.0000        8,610.0000     21,096.7491       524.0000            8,610.0000     21,096.7491       784.0000            9,557.0000     21,096.7491     1,077.0000           10,608.0000     21,096.7491     1,405.0000           11,775.0000     21,096.7491     1,771.0000           13,071.0000     21,096.7491      2,178.0000           14,508.0000     21,096.7491      2,630.0000           16,104.0000     21,096.7491      3,133.0000           17,876.0000     21,096.7491      3,693.0000           19,842.0000  0.0609  0.0609
32      23,681.8244      407.0000        8,932.0000     21,096.7491      599.0000        8,912.0000     21,096.7491       599.0000            8,912.0000     21,096.7491       867.0000            9,892.0000     21,096.7491     1,168.0000           10,980.0000     21,096.7491     1,505.0000           12,188.0000     21,096.7491     1,881.0000           13,529.0000     21,096.7491      2,300.0000           15,017.0000     21,096.7491      2,766.0000           16,669.0000     21,096.7491      3,285.0000           18,502.0000     21,096.7491      3,862.0000           20,538.0000  0.0672  0.0672
33      23,681.8244      471.0000        9,180.0000     21,096.7491      677.0000        9,159.0000     21,096.7491       677.0000            9,159.0000     21,096.7491       959.0000           10,166.0000     21,096.7491     1,274.0000           11,285.0000     21,096.7491     1,626.0000           12,526.0000     21,096.7491     2,018.0000           13,904.0000     21,096.7491      2,453.0000           15,433.0000     21,096.7491      2,937.0000           17,131.0000     21,096.7491      3,476.0000           19,015.0000     21,096.7491      4,073.0000           21,107.0000  0.0739  0.0739
34      23,631.1138      524.0000        9,432.0000     21,051.5741      736.0000        9,410.0000     21,051.5741       736.0000            9,410.0000     21,051.5741     1,023.0000           10,445.0000     21,051.5741     1,343.0000           11,594.0000     21,051.5741     1,700.0000           12,870.0000     21,051.5741     2,097.0000           14,285.0000     21,051.5741      2,539.0000           15,857.0000     21,051.5741      3,031.0000           17,601.0000     21,051.5741      3,578.0000           19,537.0000     21,051.5741      4,186.0000           21,686.0000  0.0782  0.0782
35      23,681.8244      600.0000        9,786.0000     21,096.7491      816.0000        9,764.0000     21,096.7491       816.0000            9,764.0000     21,096.7491     1,112.0000           10,838.0000     21,096.7491     1,444.0000           12,030.0000     21,096.7491     1,815.0000           13,353.0000     21,096.7491     2,229.0000           14,822.0000     21,096.7491      2,690.0000           16,453.0000     21,096.7491      3,202.0000           18,263.0000     21,096.7491      3,771.0000           20,271.0000     21,096.7491      4,404.0000           22,501.0000  0.0836  0.0836
36      23,681.8244      684.0000       10,059.0000     21,096.7491      906.0000       10,036.0000     21,096.7491       906.0000           10,036.0000     21,096.7491     1,213.0000           11,140.0000     21,096.7491     1,557.0000           12,366.0000     21,096.7491     1,940.0000           13,726.0000     21,096.7491     2,366.0000           15,236.0000     21,096.7491      2,839.0000           16,912.0000     21,096.7491      3,366.0000           18,772.0000     21,096.7491      3,952.0000           20,837.0000     21,096.7491      4,602.0000           23,129.0000  0.0903  0.0903
37      23,681.8244      764.0000       10,381.0000     21,096.7491      986.0000       10,357.0000     21,096.7491       986.0000           10,357.0000     21,096.7491     1,302.0000           11,497.0000     21,096.7491     1,658.0000           12,761.0000     21,096.7491     2,054.0000           14,165.0000     21,096.7491     2,493.0000           15,723.0000     21,096.7491      2,982.0000           17,453.0000     21,096.7491      3,526.0000           19,373.0000     21,096.7491      4,132.0000           21,504.0000     21,096.7491      4,804.0000           23,869.0000  0.0952  0.0952
38      23,681.8244      857.0000       10,688.0000     21,096.7491    1,081.0000       10,664.0000     21,096.7491     1,081.0000           10,664.0000     21,096.7491     1,408.0000           11,837.0000     21,096.7491     1,773.0000           13,139.0000     21,096.7491     2,179.0000           14,584.0000     21,096.7491     2,630.0000           16,188.0000     21,096.7491      3,132.0000           17,969.0000     21,096.7491      3,691.0000           19,945.0000     21,096.7491      4,312.0000           22,139.0000     21,096.7491      5,002.0000           24,575.0000  0.1014  0.1014
39      23,681.8244      932.0000       10,956.0000     21,096.7491    1,156.0000       10,931.0000     21,096.7491     1,156.0000           10,931.0000     21,096.7491     1,493.0000           12,134.0000     21,096.7491     1,869.0000           13,468.0000     21,096.7491     2,287.0000           14,950.0000     21,096.7491     2,751.0000           16,594.0000     21,096.7491      3,268.0000           18,420.0000     21,096.7491      3,843.0000           20,446.0000     21,096.7491      4,481.0000           22,695.0000     21,096.7491      5,190.0000           25,191.0000  0.1058  0.1058
40      23,681.8244    1,043.0000       11,265.0000     21,096.7491    1,268.0000       11,239.0000     21,096.7491     1,268.0000           11,239.0000     21,096.7491     1,618.0000           12,476.0000     21,096.7491     2,007.0000           13,848.0000     21,096.7491     2,440.0000           15,371.0000     21,096.7491     2,922.0000           17,062.0000     21,096.7491      3,457.0000           18,939.0000     21,096.7491      4,052.0000           21,022.0000     21,096.7491      4,713.0000           23,335.0000     21,096.7491      5,446.0000           25,901.0000  0.1128  0.1128
41      23,681.8244    1,086.0000       11,477.0000     21,096.7491    1,313.0000       11,451.0000     21,096.7491     1,313.0000           11,451.0000     21,096.7491     1,669.0000           12,710.0000     21,096.7491     2,065.0000           14,108.0000     21,096.7491     2,505.0000           15,660.0000     21,096.7491     2,995.0000           17,383.0000     21,096.7491      3,539.0000           19,295.0000     21,096.7491      4,144.0000           21,418.0000     21,096.7491      4,816.0000           23,773.0000     21,096.7491      5,562.0000           26,389.0000  0.1147  0.1147
42      23,681.8244    1,150.0000       11,709.0000     21,096.7491    1,377.0000       11,683.0000     21,096.7491     1,377.0000           11,683.0000     21,096.7491     1,740.0000           12,968.0000     21,096.7491     2,142.0000           14,394.0000     21,096.7491     2,589.0000           15,977.0000     21,096.7491     3,085.0000           17,735.0000     21,096.7491      3,635.0000           19,686.0000     21,096.7491      4,246.0000           21,851.0000     21,096.7491      4,926.0000           24,255.0000     21,096.7491      5,680.0000           26,923.0000  0.1179  0.1179
43      23,681.8244    1,229.0000       12,008.0000     21,096.7491    1,455.0000       11,981.0000     21,096.7491     1,455.0000           11,981.0000     21,096.7491     1,826.0000           13,299.0000     21,096.7491     2,240.0000           14,761.0000     21,096.7491     2,699.0000           16,385.0000     21,096.7491     3,209.0000           18,187.0000     21,096.7491      3,776.0000           20,188.0000     21,096.7491      4,407.0000           22,409.0000     21,096.7491      5,107.0000           24,874.0000     21,096.7491      5,886.0000           27,610.0000  0.1214  0.1214
44      23,681.8244    1,308.0000       12,167.0000     21,096.7491    1,534.0000       12,140.0000     21,096.7491     1,534.0000           12,140.0000     21,096.7491     1,913.0000           13,475.0000     21,096.7491     2,333.0000           14,957.0000     21,096.7491     2,800.0000           16,603.0000     21,096.7491     3,317.0000           18,429.0000     21,096.7491      3,893.0000           20,456.0000     21,096.7491      4,532.0000           22,706.0000     21,096.7491      5,242.0000           25,204.0000     21,096.7491      6,029.0000           27,976.0000  0.1264  0.1264
45      23,631.1138    1,313.0000       12,252.0000     21,051.5741    1,540.0000       12,225.0000     21,051.5741     1,540.0000           12,225.0000     21,051.5741     1,922.0000           13,569.0000     21,051.5741     2,347.0000           15,062.0000     21,051.5741     2,819.0000           16,719.0000     21,051.5741     3,342.0000           18,558.0000     21,051.5741      3,924.0000           20,599.0000     21,051.5741      4,571.0000           22,865.0000     21,051.5741      5,289.0000           25,380.0000     21,051.5741      6,086.0000           28,172.0000  0.1260  0.1260
46      23,681.8244    1,410.0000       12,526.0000     21,096.7491    1,637.0000       12,498.0000     21,096.7491     1,637.0000           12,498.0000     21,096.7491     2,030.0000           13,873.0000     21,096.7491     2,465.0000           15,399.0000     21,096.7491     2,949.0000           17,093.0000     21,096.7491     3,486.0000           18,973.0000     21,096.7491      4,082.0000           21,060.0000     21,096.7491      4,744.0000           23,377.0000     21,096.7491      5,480.0000           25,948.0000     21,096.7491      6,297.0000           28,803.0000  0.1310  0.1310
47      23,681.8244    1,500.0000       12,839.0000     21,096.7491    1,729.0000       12,810.0000     21,096.7491     1,729.0000           12,810.0000     21,096.7491     2,133.0000           14,219.0000     21,096.7491     2,581.0000           15,783.0000     21,096.7491     3,079.0000           17,519.0000     21,096.7491     3,631.0000           19,446.0000     21,096.7491      4,244.0000           21,585.0000     21,096.7491      4,925.0000           23,960.0000     21,096.7491      5,682.0000           26,595.0000     21,096.7491      6,522.0000           29,521.0000  0.1350  0.1350
48      23,681.8244    1,572.0000       13,123.0000     21,096.7491    1,799.0000       13,093.0000     21,096.7491     1,799.0000           13,093.0000     21,096.7491     2,208.0000           14,534.0000     21,096.7491     2,662.0000           16,132.0000     21,096.7491     3,166.0000           17,907.0000     21,096.7491     3,726.0000           19,877.0000     21,096.7491      4,348.0000           22,063.0000     21,096.7491      5,040.0000           24,490.0000     21,096.7491      5,808.0000           27,184.0000     21,096.7491      6,660.0000           30,174.0000  0.1374  0.1374
49      23,707.1797    1,678.0000       13,491.0000     21,119.3366    1,904.0000       13,461.0000     21,119.3366     1,904.0000           13,461.0000     21,119.3366     2,325.0000           14,941.0000     21,119.3366     2,792.0000           16,585.0000     21,119.3366     3,311.0000           18,409.0000     21,119.3366     3,887.0000           20,434.0000     21,119.3366      4,527.0000           22,682.0000     21,119.3366      5,237.0000           25,177.0000     21,119.3366      6,026.0000           27,946.0000     21,119.3366      6,902.0000           31,020.0000  0.1414  0.1414
50      23,681.8244    1,764.0000       13,839.0000     21,096.7491    1,989.0000       13,808.0000     21,096.7491     1,989.0000           13,808.0000     21,096.7491     2,419.0000           15,327.0000     21,096.7491     2,896.0000           17,013.0000     21,096.7491     3,425.0000           18,884.0000     21,096.7491     4,013.0000           20,962.0000     21,096.7491      4,667.0000           23,267.0000     21,096.7491      5,393.0000           25,827.0000     21,096.7491      6,199.0000           28,668.0000     21,096.7491      7,095.0000           31,821.0000  0.1440  0.1440
51      23,656.4691    1,868.0000       14,079.0000     21,074.1616    2,094.0000       14,047.0000     21,074.1616     2,094.0000           14,047.0000     21,074.1616     2,535.0000           15,593.0000     21,074.1616     3,025.0000           17,308.0000     21,074.1616     3,569.0000           19,212.0000     21,074.1616     4,173.0000           21,325.0000     21,074.1616      4,843.0000           23,671.0000     21,074.1616      5,589.0000           26,275.0000     21,074.1616      6,417.0000           29,165.0000     21,074.1616      7,337.0000           32,373.0000  0.1491  0.1491
52      23,681.8244    1,931.0000       14,286.0000     21,096.7491    2,157.0000       14,254.0000     21,096.7491     2,157.0000           14,254.0000     21,096.7491     2,605.0000           15,822.0000     21,096.7491     3,103.0000           17,562.0000     21,096.7491     3,656.0000           19,494.0000     21,096.7491     4,270.0000           21,639.0000     21,096.7491      4,952.0000           24,019.0000     21,096.7491      5,709.0000           26,661.0000     21,096.7491      6,551.0000           29,594.0000     21,096.7491      7,485.0000           32,849.0000  0.1513  0.1513
53      23,681.8244    1,986.0000       14,488.0000     21,096.7491    2,213.0000       14,456.0000     21,096.7491     2,213.0000           14,456.0000     21,096.7491     2,667.0000           16,046.0000     21,096.7491     3,172.0000           17,811.0000     21,096.7491     3,733.0000           19,770.0000     21,096.7491     4,355.0000           21,945.0000     21,096.7491      5,047.0000           24,358.0000     21,096.7491      5,814.0000           27,038.0000     21,096.7491      6,666.0000           30,012.0000     21,096.7491      7,612.0000           33,313.0000  0.1531  0.1531
54      23,681.8244    1,984.0000       14,643.0000     21,096.7491    2,207.0000       14,610.0000     21,096.7491     2,207.0000           14,610.0000     21,096.7491     2,659.0000           16,217.0000     21,096.7491     3,161.0000           18,001.0000     21,096.7491     3,718.0000           19,981.0000     21,096.7491     4,337.0000           22,179.0000     21,096.7491      5,025.0000           24,619.0000     21,096.7491      5,790.0000           27,327.0000     21,096.7491      6,640.0000           30,333.0000     21,096.7491      7,583.0000           33,669.0000  0.1511  0.1511
55      23,681.8244    2,059.0000       14,880.0000     21,096.7491    2,285.0000       14,847.0000     21,096.7491     2,285.0000           14,847.0000     21,096.7491     2,747.0000           16,480.0000     21,096.7491     3,261.0000           18,293.0000     21,096.7491     3,832.0000           20,305.0000     21,096.7491     4,465.0000           22,539.0000     21,096.7491      5,170.0000           25,018.0000     21,096.7491      5,954.0000           27,770.0000     21,096.7491      6,824.0000           30,824.0000     21,096.7491      7,791.0000           34,215.0000  0.1539  0.1539
56      23,656.4691    2,159.0000       15,207.0000     21,074.1616    2,385.0000       15,173.0000     21,074.1616     2,385.0000           15,173.0000     21,074.1616     2,858.0000           16,842.0000     21,074.1616     3,384.0000           18,695.0000     21,074.1616     3,968.0000           20,751.0000     21,074.1616     4,616.0000           23,034.0000     21,074.1616      5,338.0000           25,568.0000     21,074.1616      6,140.0000           28,380.0000     21,074.1616      7,032.0000           31,502.0000     21,074.1616      8,022.0000           34,967.0000  0.1572  0.1572
57      23,681.8244    2,281.0000       15,620.0000     21,096.7491    2,508.0000       15,584.0000     21,096.7491     2,508.0000           15,584.0000     21,096.7491     2,997.0000           17,299.0000     21,096.7491     3,540.0000           19,202.0000     21,096.7491     4,143.0000           21,314.0000     21,096.7491     4,813.0000           23,658.0000     21,096.7491      5,557.0000           26,261.0000     21,096.7491      6,384.0000           29,149.0000     21,096.7491      7,303.0000           32,356.0000     21,096.7491      8,323.0000           35,915.0000  0.1609  0.1609
58      23,681.8244    2,396.0000       15,999.0000     21,096.7491    2,621.0000       15,962.0000     21,096.7491     2,621.0000           15,962.0000     21,096.7491     3,121.0000           17,718.0000     21,096.7491     3,676.0000           19,667.0000     21,096.7491     4,293.0000           21,831.0000     21,096.7491     4,977.0000           24,232.0000     21,096.7491      5,737.0000           26,898.0000     21,096.7491      6,582.0000           29,856.0000     21,096.7491      7,520.0000           33,141.0000     21,096.7491      8,562.0000           36,786.0000  0.1642  0.1642
59      23,681.8244    2,505.0000       16,374.0000     21,096.7491    2,730.0000       16,338.0000     21,096.7491     2,730.0000           16,338.0000     21,096.7491     3,242.0000           18,135.0000     21,096.7491     3,811.0000           20,129.0000     21,096.7491     4,442.0000           22,344.0000     21,096.7491     5,143.0000           24,802.0000     21,096.7491      5,922.0000           27,530.0000     21,096.7491      6,787.0000           30,558.0000     21,096.7491      7,747.0000           33,919.0000     21,096.7491      8,815.0000           37,650.0000  0.1671  0.1671
60      23,681.8244    2,598.0000       16,750.0000     21,096.7491    2,823.0000       16,712.0000     21,096.7491     2,823.0000           16,712.0000     21,096.7491     3,346.0000           18,551.0000     21,096.7491     3,927.0000           20,591.0000     21,096.7491     4,572.0000           22,856.0000     21,096.7491     5,289.0000           25,370.0000     21,096.7491      6,085.0000           28,161.0000     21,096.7491      6,970.0000           31,259.0000     21,096.7491      7,954.0000           34,697.0000     21,096.7491      9,047.0000           38,514.0000  0.1689  0.1689
61      23,681.8244    2,731.0000       17,177.0000     21,096.7491    2,955.0000       17,138.0000     21,096.7491     2,955.0000           17,138.0000     21,096.7491     3,492.0000           19,024.0000     21,096.7491     4,089.0000           21,116.0000     21,096.7491     4,752.0000           23,439.0000     21,096.7491     5,487.0000           26,017.0000     21,096.7491      6,304.0000           28,879.0000     21,096.7491      7,213.0000           32,056.0000     21,096.7491      8,222.0000           35,582.0000     21,096.7491      9,343.0000           39,496.0000  0.1724  0.1724
62      23,656.4691    2,840.0000       17,599.0000     21,074.1616    3,064.0000       17,559.0000     21,074.1616     3,064.0000           17,559.0000     21,074.1616     3,613.0000           19,490.0000     21,074.1616     4,222.0000           21,634.0000     21,074.1616     4,899.0000           24,014.0000     21,074.1616     5,651.0000           26,655.0000     21,074.1616      6,487.0000           29,588.0000     21,074.1616      7,417.0000           32,842.0000     21,074.1616      8,449.0000           36,455.0000     21,074.1616      9,596.0000           40,465.0000  0.1745  0.1745
63      23,681.8244    2,938.0000       18,039.0000     21,096.7491    3,161.0000       17,998.0000     21,096.7491     3,161.0000           17,998.0000     21,096.7491     3,718.0000           19,978.0000     21,096.7491     4,337.0000           22,175.0000     21,096.7491     5,025.0000           24,615.0000     21,096.7491     5,788.0000           27,322.0000     21,096.7491      6,637.0000           30,328.0000     21,096.7491      7,579.0000           33,664.0000     21,096.7491      8,625.0000           37,367.0000     21,096.7491      9,787.0000           41,477.0000  0.1756  0.1756
64      23,681.8244    3,064.0000       18,464.0000     21,096.7491    3,289.0000       18,422.0000     21,096.7491     3,289.0000           18,422.0000     21,096.7491     3,863.0000           20,449.0000     21,096.7491     4,502.0000           22,698.0000     21,096.7491     5,211.0000           25,195.0000     21,096.7491     5,998.0000           27,966.0000     21,096.7491      6,873.0000           31,043.0000     21,096.7491      7,845.0000           34,457.0000     21,096.7491      8,925.0000           38,247.0000     21,096.7491     10,124.0000           42,455.0000  0.1785  0.1785
65      23,681.8244    3,227.0000       18,915.0000     21,096.7491    3,451.0000       18,872.0000     21,096.7491     3,451.0000           18,872.0000     21,096.7491     4,043.0000           20,948.0000     21,096.7491     4,700.0000           23,252.0000     21,096.7491     5,430.0000           25,810.0000     21,096.7491     6,240.0000           28,649.0000     21,096.7491      7,140.0000           31,800.0000     21,096.7491      8,140.0000           35,298.0000     21,096.7491      9,250.0000           39,181.0000     21,096.7491     10,483.0000           43,491.0000  0.1829  0.1829
66      23,681.8244    3,335.0000       19,416.0000     21,096.7491    3,558.0000       19,372.0000     21,096.7491     3,558.0000           19,372.0000     21,096.7491     4,161.0000           21,503.0000     21,096.7491     4,830.0000           23,869.0000     21,096.7491     5,574.0000           26,494.0000     21,096.7491     6,400.0000           29,409.0000     21,096.7491      7,318.0000           32,643.0000     21,096.7491      8,337.0000           36,234.0000     21,096.7491      9,470.0000           40,220.0000     21,096.7491     10,729.0000           44,644.0000  0.1837  0.1837
67      23,681.8244    3,539.0000       19,856.0000     21,096.7491    3,762.0000       19,811.0000     21,096.7491     3,762.0000           19,811.0000     21,096.7491     4,388.0000           21,991.0000     21,096.7491     5,083.0000           24,410.0000     21,096.7491     5,854.0000           27,095.0000     21,096.7491     6,711.0000           30,075.0000     21,096.7491      7,662.0000           33,383.0000     21,096.7491      8,719.0000           37,055.0000     21,096.7491      9,893.0000           41,131.0000     21,096.7491     11,202.0000           45,656.0000  0.1899  0.1899
68      23,656.4691    3,618.0000       20,399.0000     21,074.1616    3,841.0000       20,353.0000     21,074.1616     3,841.0000           20,353.0000     21,074.1616     4,475.0000           22,592.0000     21,074.1616     5,180.0000           25,077.0000     21,074.1616     5,963.0000           27,836.0000     21,074.1616     6,833.0000           30,898.0000     21,074.1616      7,800.0000           34,297.0000     21,074.1616      8,875.0000           38,069.0000     21,074.1616     10,068.0000           42,257.0000     21,074.1616     11,402.0000           46,905.0000  0.1887  0.1887
69      23,681.8244    3,821.0000       21,120.0000     21,096.7491    4,044.0000       21,073.0000     21,096.7491     4,044.0000           21,073.0000     21,096.7491     4,701.0000           23,391.0000     21,096.7491     5,431.0000           25,963.0000     21,096.7491     6,242.0000           28,819.0000     21,096.7491     7,144.0000           31,990.0000     21,096.7491      8,145.0000           35,508.0000     21,096.7491      9,257.0000           39,414.0000     21,096.7491     10,493.0000           43,750.0000     21,096.7491     11,879.0000           48,562.0000  0.1919  0.1919
70      23,681.8244    3,928.0000       21,397.0000     21,096.7491    4,149.0000       21,349.0000     21,096.7491     4,149.0000           21,349.0000     21,096.7491     4,816.0000           23,697.0000     21,096.7491     5,557.0000           26,304.0000     21,096.7491     6,379.0000           29,198.0000     21,096.7491     7,295.0000           32,409.0000     21,096.7491      8,312.0000           35,974.0000     21,096.7491      9,441.0000           39,932.0000     21,096.7491     10,695.0000           44,324.0000     21,096.7491     12,101.0000           49,200.0000  0.1943  0.1943
71      23,681.8244    4,038.0000       21,856.0000     21,096.7491    4,260.0000       21,807.0000     21,096.7491     4,260.0000           21,807.0000     21,096.7491     4,940.0000           24,206.0000     21,096.7491     5,695.0000           26,868.0000     21,096.7491     6,535.0000           29,824.0000     21,096.7491     7,467.0000           33,104.0000     21,096.7491      8,503.0000           36,746.0000     21,096.7491      9,654.0000           40,788.0000     21,096.7491     10,936.0000           45,274.0000     21,096.7491     12,375.0000           50,255.0000  0.1954  0.1954
72      23,681.8244    4,234.0000       22,470.0000     21,096.7491    4,457.0000       22,419.0000     21,096.7491     4,457.0000           22,419.0000     21,096.7491     5,161.0000           24,885.0000     21,096.7491     5,942.0000           27,623.0000     21,096.7491     6,809.0000           30,661.0000     21,096.7491     7,773.0000           34,034.0000     21,096.7491      8,844.0000           37,778.0000     21,096.7491     10,034.0000           41,933.0000     21,096.7491     11,360.0000           46,546.0000     21,096.7491     12,848.0000           51,666.0000  0.1988  0.1988
73      23,681.8244    4,412.0000       23,073.0000     21,096.7491    4,633.0000       23,021.0000     21,096.7491     4,633.0000           23,021.0000     21,096.7491     5,355.0000           25,553.0000     21,096.7491     6,157.0000           28,364.0000     21,096.7491     7,048.0000           31,484.0000     21,096.7491     8,038.0000           34,948.0000     21,096.7491      9,139.0000           38,792.0000     21,096.7491     10,362.0000           43,059.0000     21,096.7491     11,730.0000           47,795.0000     21,096.7491     13,259.0000           53,053.0000  0.2013  0.2013
74      23,656.4691    4,593.0000       23,565.0000     21,074.1616    4,814.0000       23,511.0000     21,074.1616     4,814.0000           23,511.0000     21,074.1616     5,556.0000           26,098.0000     21,074.1616     6,380.0000           28,968.0000     21,074.1616     7,297.0000           32,155.0000     21,074.1616     8,315.0000           35,692.0000     21,074.1616      9,446.0000           39,618.0000     21,074.1616     10,703.0000           43,976.0000     21,074.1616     12,108.0000           48,814.0000     21,074.1616     13,673.0000           54,183.0000  0.2048  0.2048
75      23,681.8244    4,749.0000       24,215.0000     21,096.7491    4,970.0000       24,160.0000     21,096.7491     4,970.0000           24,160.0000     21,096.7491     5,729.0000           26,817.0000     21,096.7491     6,572.0000           29,767.0000     21,096.7491     7,509.0000           33,042.0000     21,096.7491     8,549.0000           36,676.0000     21,096.7491      9,705.0000           40,711.0000     21,096.7491     10,991.0000           45,189.0000     21,096.7491     12,436.0000           50,160.0000     21,096.7491     14,046.0000           55,677.0000  0.2057  0.2057
76      23,681.8244    4,931.0000       24,851.0000     21,096.7491    5,150.0000       24,795.0000     21,096.7491     5,150.0000           24,795.0000     21,096.7491     5,928.0000           27,522.0000     21,096.7491     6,792.0000           30,550.0000     21,096.7491     7,751.0000           33,910.0000     21,096.7491     8,817.0000           37,640.0000     21,096.7491     10,001.0000           41,781.0000     21,096.7491     11,324.0000           46,376.0000     21,096.7491     12,810.0000           51,478.0000     21,096.7491     14,463.0000           57,140.0000  0.2077  0.2077
77      23,681.8244    5,044.0000       25,440.0000     21,096.7491    5,262.0000       25,383.0000     21,096.7491     5,262.0000           25,383.0000     21,096.7491     6,052.0000           28,175.0000     21,096.7491     6,929.0000           31,274.0000     21,096.7491     7,904.0000           34,714.0000     21,096.7491     8,987.0000           38,533.0000     21,096.7491     10,190.0000           42,771.0000     21,096.7491     11,536.0000           47,476.0000     21,096.7491     13,046.0000           52,698.0000     21,096.7491     14,728.0000           58,495.0000  0.2073  0.2073
78      23,681.8244    5,353.0000       26,193.0000     21,096.7491    5,573.0000       26,134.0000     21,096.7491     5,573.0000           26,134.0000     21,096.7491     6,400.0000           29,008.0000     21,096.7491     7,318.0000           32,199.0000     21,096.7491     8,338.0000           35,741.0000     21,096.7491     9,471.0000           39,673.0000     21,096.7491     10,729.0000           44,037.0000     21,096.7491     12,138.0000           48,881.0000     21,096.7491     13,707.0000           54,258.0000     21,096.7491     15,453.0000           60,226.0000  0.2132  0.2132
79      23,669.1468    5,580.0000       26,973.0000     21,085.4554    5,799.0000       26,912.0000     21,085.4554     5,799.0000           26,912.0000     21,085.4554     6,649.0000           29,872.0000     21,085.4554     7,593.0000           33,158.0000     21,085.4554     8,642.0000           36,806.0000     21,085.4554     9,807.0000           40,854.0000     21,085.4554     11,106.0000           45,348.0000     21,085.4554     12,564.0000           50,337.0000     21,085.4554     14,187.0000           55,874.0000     21,085.4554     15,992.0000           62,020.0000  0.2155  0.2155
80      23,681.8244    5,701.0000       27,706.0000     21,096.7491    5,919.0000       27,643.0000     21,096.7491     5,919.0000           27,643.0000     21,096.7491     6,783.0000           30,684.0000     21,096.7491     7,742.0000           34,059.0000     21,096.7491     8,809.0000           37,805.0000     21,096.7491     9,993.0000           41,964.0000     21,096.7491     11,317.0000           46,580.0000     21,096.7491     12,808.0000           51,704.0000     21,096.7491     14,467.0000           57,391.0000     21,096.7491     16,311.0000           63,704.0000  0.2141  0.2141
81      23,681.8244    6,014.0000       28,826.0000     21,096.7491    6,234.0000       28,761.0000     21,096.7491     6,234.0000           28,761.0000     21,096.7491     7,134.0000           31,925.0000     21,096.7491     8,135.0000           35,436.0000     21,096.7491     9,247.0000           39,334.0000     21,096.7491    10,482.0000           43,661.0000     21,096.7491     11,865.0000           48,464.0000     21,096.7491     13,409.0000           53,795.0000     21,096.7491     15,127.0000           59,712.0000     21,096.7491     17,037.0000           66,280.0000  0.2168  0.2168
82      23,669.1468    6,396.0000       30,253.0000     21,085.4554    6,614.0000       30,185.0000     21,085.4554     6,614.0000           30,185.0000     21,085.4554     7,556.0000           33,505.0000     21,085.4554     8,602.0000           37,191.0000     21,085.4554     9,764.0000           41,282.0000     21,085.4554    11,060.0000           45,823.0000     21,085.4554     12,514.0000           50,864.0000     21,085.4554     14,133.0000           56,459.0000     21,085.4554     15,936.0000           62,669.0000     21,085.4554     17,941.0000           69,563.0000  0.2191  0.2191
83      23,681.8244    6,842.0000       31,612.0000     21,096.7491    7,059.0000       31,541.0000     21,096.7491     7,059.0000           31,541.0000     21,096.7491     8,048.0000           35,010.0000     21,096.7491     9,147.0000           38,861.0000     21,096.7491    10,368.0000           43,136.0000     21,096.7491    11,739.0000           47,881.0000     21,096.7491     13,273.0000           53,148.0000     21,096.7491     14,980.0000           58,994.0000     21,096.7491     16,878.0000           65,483.0000     21,096.7491     18,988.0000           72,687.0000  0.2238  0.2238
84      23,681.8244    7,174.0000       33,201.0000     21,096.7491    7,391.0000       33,126.0000     21,096.7491     7,391.0000           33,126.0000     21,096.7491     8,419.0000           36,770.0000     21,096.7491     9,562.0000           40,815.0000     21,096.7491    10,836.0000           45,305.0000     21,096.7491    12,272.0000           50,288.0000     21,096.7491     13,873.0000           55,820.0000     21,096.7491     15,654.0000           61,960.0000     21,096.7491     17,635.0000           68,776.0000     21,096.7491     19,840.0000           76,341.0000  0.2231  0.2231
85      23,669.1468    7,750.0000       34,831.0000     21,085.4554    7,967.0000       34,752.0000     21,085.4554     7,967.0000           34,752.0000     21,085.4554     9,060.0000           38,575.0000     21,085.4554    10,274.0000           42,818.0000     21,085.4554    11,634.0000           47,529.0000     21,085.4554    13,157.0000           52,757.0000     21,085.4554     14,851.0000           58,560.0000     21,085.4554     16,736.0000           65,001.0000     21,085.4554     18,833.0000           72,152.0000     21,085.4554     21,166.0000           80,088.0000  0.2293  0.2293
86      23,681.8244    8,244.0000       36,830.0000     21,096.7491    8,462.0000       36,747.0000     21,096.7491     8,462.0000           36,747.0000     21,096.7491     9,610.0000           40,789.0000     21,096.7491    10,890.0000           45,276.0000     21,096.7491    12,331.0000           50,256.0000     21,096.7491    13,940.0000           55,784.0000     21,096.7491     15,730.0000           61,920.0000     21,096.7491     17,720.0000           68,731.0000     21,096.7491     19,935.0000           76,292.0000     21,096.7491     22,399.0000           84,684.0000  0.2303  0.2303
87      23,681.8244    8,862.0000       39,061.0000     21,096.7491    9,076.0000       38,973.0000     21,096.7491     9,076.0000           38,973.0000     21,096.7491    10,292.0000           43,260.0000     21,096.7491    11,660.0000           48,019.0000     21,096.7491    13,191.0000           53,301.0000     21,096.7491    14,894.0000           59,164.0000     21,096.7491     16,788.0000           65,672.0000     21,096.7491     18,896.0000           72,896.0000     21,096.7491     21,243.0000           80,915.0000     21,096.7491     23,856.0000           89,815.0000  0.2329  0.2329
88      23,669.1468    9,672.0000       41,588.0000     21,085.4554    9,885.0000       41,494.0000     21,085.4554     9,885.0000           41,494.0000     21,085.4554    11,196.0000           46,058.0000     21,085.4554    12,670.0000           51,124.0000     21,085.4554    14,313.0000           56,748.0000     21,085.4554    16,140.0000           62,990.0000     21,085.4554     18,170.0000           69,919.0000     21,085.4554     20,428.0000           77,610.0000     21,085.4554     22,941.0000           86,148.0000     21,085.4554     25,739.0000           95,624.0000  0.2382  0.2382
89      23,686.8954   10,355.0000       44,301.0000     21,101.2666   10,573.0000       44,201.0000     21,101.2666    10,573.0000           44,201.0000     21,101.2666    11,971.0000           49,063.0000     21,101.2666    13,535.0000           54,460.0000     21,101.2666    15,274.0000           60,451.0000     21,101.2666    17,208.0000           67,100.0000     21,101.2666     19,362.0000           74,481.0000     21,101.2666     21,761.0000           82,674.0000     21,101.2666     24,433.0000           91,768.0000     21,101.2666     27,410.0000          101,863.0000  0.2392  0.2392
90      23,676.7533   11,462.0000       48,344.0000     21,092.2316   11,689.0000       48,234.0000     21,092.2316    11,689.0000           48,234.0000     21,092.2316    13,223.0000           53,540.0000     21,092.2316    14,931.0000           59,430.0000     21,092.2316    16,832.0000           65,967.0000     21,092.2316    18,948.0000           73,223.0000     21,092.2316     21,302.0000           81,278.0000     21,092.2316     23,924.0000           90,218.0000     21,092.2316     26,845.0000          100,142.0000     21,092.2316     30,098.0000          111,158.0000  0.2423  0.2423
91      23,678.0211   12,668.0000       52,829.0000     21,093.3610   12,906.0000       52,710.0000     21,093.3610    12,906.0000           52,710.0000     21,093.3610    14,578.0000           58,508.0000     21,093.3610    16,440.0000           64,943.0000     21,093.3610    18,513.0000           72,087.0000     21,093.3610    20,823.0000           80,017.0000     21,093.3610     23,396.0000           88,819.0000     21,093.3610     26,262.0000           98,589.0000     21,093.3610     29,456.0000          109,433.0000     21,093.3610     33,015.0000          121,471.0000  0.2448  0.2448
92      23,676.7533   14,175.0000       58,116.0000     21,092.2316   14,415.0000       57,985.0000     21,092.2316    14,415.0000           57,985.0000     21,092.2316    16,256.0000           64,364.0000     21,092.2316    18,307.0000           71,444.0000     21,092.2316    20,590.0000           79,302.0000     21,092.2316    23,134.0000           88,026.0000     21,092.2316     25,970.0000           97,709.0000     21,092.2316     29,134.0000          108,456.0000     21,092.2316     32,658.0000          120,387.0000     21,092.2316     36,677.0000          133,629.0000  0.2486  0.2486
93      23,678.0211   15,940.0000       64,543.0000     21,093.3610   16,183.0000       64,397.0000     21,093.3610    16,183.0000           64,397.0000     21,093.3610    18,225.0000           71,481.0000     21,093.3610    20,504.0000           79,344.0000     21,093.3610    23,044.0000           88,071.0000     21,093.3610    25,877.0000           97,759.0000     21,093.3610     29,038.0000          108,513.0000     21,093.3610     32,564.0000          120,449.0000     21,093.3610     36,583.0000          133,698.0000     21,093.3610     41,284.0000          148,405.0000  0.2513  0.2513
94      23,676.7533   18,026.0000       71,714.0000     21,092.2316   18,269.0000       71,552.0000     21,092.2316    18,269.0000           71,552.0000     21,092.2316    20,549.0000           79,423.0000     21,092.2316    23,095.0000           88,160.0000     21,092.2316    25,935.0000           97,857.0000     21,092.2316    29,103.0000          108,621.0000     21,092.2316     32,635.0000          120,570.0000     21,092.2316     36,668.0000          133,832.0000     21,092.2316     41,375.0000          148,554.0000     21,092.2316     46,627.0000          164,895.0000  0.2553  0.2553
95      23,678.0211   20,748.0000       81,041.0000     21,093.3610   20,989.0000       80,858.0000     21,093.3610    20,989.0000           80,858.0000     21,093.3610    23,575.0000           89,752.0000     21,093.3610    26,464.0000           99,625.0000     21,093.3610    29,688.0000          110,584.0000     21,093.3610    33,284.0000          122,748.0000     21,093.3610     37,430.0000          136,250.0000     21,093.3610     42,221.0000          151,238.0000     21,093.3610     47,559.0000          167,874.0000     21,093.3610     53,490.0000          186,340.0000  0.2596  0.2596
96      23,676.7533   24,672.0000       94,645.0000     21,092.2316   24,920.0000       94,431.0000     21,092.2316    24,920.0000           94,431.0000     21,092.2316    27,956.0000          104,819.0000     21,092.2316    31,346.0000          116,349.0000     21,092.2316    35,180.0000          129,147.0000     21,092.2316    39,629.0000          143,353.0000     21,092.2316     44,669.0000          159,122.0000     21,092.2316     50,273.0000          176,626.0000     21,092.2316     56,524.0000          196,054.0000     21,092.2316     63,705.0000          217,620.0000  0.2639  0.2639
97      23,678.0211   31,333.0000      117,382.0000     21,093.3610   31,595.0000      117,117.0000     21,093.3610    31,595.0000          117,117.0000     21,093.3610    35,477.0000          130,000.0000     21,093.3610    39,942.0000          144,300.0000     21,093.3610    45,009.0000          160,173.0000     21,093.3610    50,647.0000          177,793.0000     21,093.3610     56,978.0000          197,350.0000     21,093.3610     64,218.0000          219,058.0000     21,093.3610     72,484.0000          243,155.0000     21,093.3610     81,714.0000          269,902.0000  0.2698  0.2698
98      23,676.7533   45,944.0000      165,631.0000     21,092.2316   46,521.0000      165,257.0000     21,092.2316    46,521.0000          165,257.0000     21,092.2316    52,372.0000          183,435.0000     21,092.2316    58,987.0000          203,613.0000     21,092.2316    66,455.0000          226,010.0000     21,092.2316    74,892.0000          250,872.0000     21,092.2316     84,367.0000          278,467.0000     21,092.2316     94,892.0000          309,099.0000     21,092.2316    106,578.0000          343,100.0000     21,092.2316    119,552.0000          380,841.0000  0.2815  0.2815
99      23,678.0211  151,858.0000      489,192.0000     21,093.3610  152,764.0000      488,087.0000     21,093.3610   152,764.0000          488,087.0000     21,093.3610   170,754.0000          541,777.0000     21,093.3610   190,738.0000          601,372.0000     21,093.3610   212,923.0000          667,523.0000     21,093.3610   237,550.0000          740,951.0000     21,093.3610    264,887.0000          822,456.0000     21,093.3610    295,234.0000          912,926.0000     21,093.3610    328,921.0000        1,013,348.0000     21,093.3610    366,315.0000        1,124,816.0000  0.3130  0.3130
ALL  2,367,737.4544  543,191.0000    2,523,073.0000  2,109,278.5008  560,941.0000    2,517,377.0000  2,109,278.5008   560,941.0000        2,517,377.0000  2,109,278.5008   641,087.0000        2,794,288.0000  2,109,278.5008   731,107.0000        3,101,660.0000  2,109,278.5008   832,061.0000        3,442,843.0000  2,109,278.5008   945,124.0000        3,821,555.0000  2,109,278.5008  1,071,656.0000        4,241,927.0000  2,109,278.5008  1,213,193.0000        4,708,538.0000  2,109,278.5008  1,371,406.0000        5,226,478.0000  2,109,278.5008  1,548,160.0000        5,801,390.0000  0.2228  0.2228

