            weight_2023 pitax_2023 total_income_2023     weight_2024 pitax_2024 total_income_2024 weight_ref_2024 pitax_ref_2024 total_income_ref_2024 weight_ref_2025 pitax_ref_2025 total_income_ref_2025 weight_ref_2026 pitax_ref_2026 total_income_ref_2026 weight_ref_2027 pitax_ref_2027 total_income_ref_2027 weight_ref_2028 pitax_ref_2028 total_income_ref_2028 weight_ref_2029 pitax_ref_2029 total_income_ref_2029 weight_ref_2030 pitax_ref_2030 total_income_ref_2030 weight_ref_2031 pitax_ref_2031 total_income_ref_2031 weight_ref_2032 pitax_ref_2032 total_income_ref_2032
<0                  0.0          0                 0             0.0          0                 0             0.0              0                     0             0.0              0                     0             0.0              0                     0             0.0              0                     0             0.0              0                     0             0.0              0                     0             0.0              0                     0             0.0              0                     0             0.0              0                     0
=0                  0.0          0                 0             0.0          0                 0             0.0              0                     0             0.0              0                     0             0.0              0                     0             0.0              0                     0             0.0              0                     0             0.0              0                     0             0.0              0                     0             0.0              0                     0             0.0              0                     0
0-0.5 m  1019129.817673      9,888           266,344   803483.468566      7,611           210,261   803483.468566          7,611               210,261   733416.963464          7,660               196,409   662582.482484          7,508               180,560   588495.397785          6,938               161,163   517706.091857          6,328               141,614   458300.898943          5,947               125,833   399121.581287          5,270               108,595   340936.114768          4,235                89,970    297884.29055          3,590                77,115
0.5-1m    747803.048032     82,058           528,528   662718.007638     72,837           469,219   662718.007638         72,837               469,219   655535.174427         75,470               476,662   633263.873966         75,091               468,334   615758.541453         74,958               462,601   552965.219666         65,853               410,828   525566.550843         64,029               395,911   457532.923065         53,325               336,074   437701.075393         51,140               321,238   410053.943786         49,174               304,690
1-1.5m    265685.221538     66,071           317,525   296630.682867     73,839           354,421   296630.682867         73,839               354,421   327236.780357         84,284               400,616   347509.084782         90,011               427,954   349248.324271         90,293               429,778   388731.319409         97,856               468,802    392887.42416        101,165               481,602   428372.427228        110,008               524,072   416175.163284        110,175               521,458   352546.103041         93,024               441,466
1.5-2m    105164.795449     41,519           180,700   110735.345346     44,063           191,242   110735.345346         44,063               191,242   120843.263152         48,181               209,039   152465.799303         60,094               260,390    196172.66177         77,275               333,817   242352.858315         97,058               417,894   248891.947041        100,798               433,487   249050.059721        100,317               432,763   248711.246834        100,225               431,837   294925.324667        117,057               505,723
2-3m       97602.585464     58,184           238,862    95046.049909     56,499           231,125    95046.049909         56,499               231,125   110797.461042         65,760               268,064    128325.38108         76,113               309,246   149912.279509         89,365               362,461   166684.646809        100,096               405,218   207353.487053        123,132               498,266   256255.480459        151,369               611,946   300798.081381        179,814               725,456   338801.593578        207,318               832,970
3-4m        50079.19846     44,007           171,832    52274.311012     46,026           179,924    52274.311012         46,026               179,924    56632.574119         50,276               196,304    60507.464174         53,722               209,447    63953.191238         56,983               221,264    73533.690316         65,322               252,808    84313.587015         74,925               289,034   103337.930639         92,506               355,686    114360.64324        102,095               392,889   129505.579305        116,314               446,945
4-5m       24589.543145     28,933           109,605    26682.644254     31,263           118,513    26682.644254         31,263               118,513    32217.717457         37,812               143,302    38516.249033         45,220               171,356    43572.466688         51,351               194,660    45609.861518         53,911               204,065    49042.036066         57,890               218,417    51194.627277         60,919               229,128    62777.510519         74,283               278,063    73262.640006         87,337               326,530
5-10m      37875.705868     71,188           257,055    40515.245068     75,746           273,589    40515.245068         75,746               273,589    47754.547094         89,333               322,573    56981.551393        106,396               384,065    68252.726779        127,647               460,452    81808.630401        152,795               551,078    96131.380525        180,584               650,814   108887.685734        206,662               743,556    122442.45998        235,270               844,769   135211.188327        263,604               943,581
>10m       19807.538776    141,343           452,623    21192.746103    153,056           489,083    21192.746103        153,056               489,083    24844.019652        182,311               581,321    29126.614548        216,952               690,309     33912.91127        257,252               816,647    39886.182474        305,905               969,249    46791.189118        363,186             1,148,563    55525.785354        432,817             1,366,717    65376.205365        514,168             1,620,798    77087.837504        610,741             1,922,371
ALL      2367737.454404    543,191         2,523,073  2109278.500763    560,941         2,517,377  2109278.500763        560,941             2,517,377  2109278.500763        641,087             2,794,288  2109278.500763        731,107             3,101,660  2109278.500763        832,061             3,442,843  2109278.500763        945,124             3,821,555  2109278.500763      1,071,656             4,241,927  2109278.500763      1,213,193             4,708,538  2109278.500763      1,371,406             5,226,478  2109278.500763      1,548,160             5,801,390

